1372
117	290.206
312	261.724
449	255.841
17	247.353
51	239.111
242	238.397
605	235.433
264	230.013
610	226.81
189	219.444
170	212.8
915	208.514
382	205.631
622	205.456
637	205.12
293	203.953
25	203.95
297	203.95
3	202.806
828	201.925
244	200.915
7	198.819
252	198.819
302	198.806
208	198.781
298	197.685
1233	196.938
1032	195.532
144	192.39
1108	191.838
613	191.193
36	189.636
147	189.236
39	186.974
154	186.876
365	186.818
190	186.183
554	186.183
967	184.518
1141	183.959
223	183.892
1069	183.704
299	182.989
204	182.548
197	182.082
753	180.291
26	180.158
587	179.854
21	179.713
250	178.281
102	177.355
321	175.233
272	173.818
727	173.612
315	170.072
1029	169.894
896	165.207
84	163.063
149	161.967
61	159.08
411	158.496
652	156.499
265	156.064
135	155.251
155	153.202
823	152.001
464	149.671
1252	149.517
535	148.517
60	148.254
472	147.1
1191	145.557
243	145.131
215	145.002
185	143.755
491	143.755
294	143.073
186	142.568
127	141.51
468	140.94
52	140.256
758	140.06
368	139.673
345	138.26
139	138.056
279	136.64
171	136.065
383	135.282
196	132.869
970	132.484
1094	132.092
176	131.888
379	128.233
567	128.214
576	126.9
28	126.282
647	125.967
229	125.482
200	125.177
41	124.822
1	124.804
16	124.257
420	122.508
13	122.325
775	122.315
936	121.667
161	121.449
744	120.371
532	119.85
599	119.624
46	116.957
564	116.777
742	116.084
199	114.792
217	114.485
471	114.435
22	114.068
369	114.033
75	113.494
20	112.362
568	111.669
827	111.152
130	111.151
672	110.214
18	110.166
105	110.162
306	109.951
633	109.483
248	109.095
426	108.576
456	108.02
695	107.917
2	107.727
150	107.63
112	106.228
663	106.156
504	105.642
413	104.956
920	104.955
205	104.596
609	104.55
578	104.469
198	103.271
218	103.224
134	102.475
441	101.961
335	101.863
558	101.437
697	100.568
660	100.324
865	99.9375
620	99.6251
591	99.0264
157	98.4329
27	97.866
478	97.7246
640	96.3969
137	94.5795
83	93.6653
1046	93.6448
351	93.4849
536	93.3647
232	93.2291
615	93.2273
129	92.9932
153	92.513
100	92.2353
523	91.8784
704	91.6928
846	91.3817
342	91.2123
745	91.136
1215	91.1001
816	90.7182
894	90.657
98	90.6002
798	90.4665
66	90.2186
1096	90.0936
367	90.0654
169	89.654
359	88.4619
583	87.9377
626	87.9187
483	87.8288
113	87.7857
278	87.7187
500	86.7792
133	86.2825
174	85.8998
694	85.7032
589	85.6643
156	85.3339
679	85.0549
386	85.042
389	84.861
629	84.5093
1219	84.2332
619	84.1687
285	84.1375
666	83.5838
617	83.4435
329	83.378
510	83.0265
1115	82.4896
195	82.4631
475	82.3057
690	81.6713
825	81.4298
1214	79.9051
925	79.5951
59	79.3918
442	79.238
47	78.9054
565	78.7637
422	78.5317
29	78.144
392	77.9083
1151	77.8087
809	77.4783
507	77.3863
339	77.1617
62	76.951
353	76.3802
763	76.2459
384	75.425
584	75.2998
1005	75.2182
116	75.1546
207	74.7673
477	74.6242
72	74.4933
893	74.2363
601	74.0956
1171	73.7872
417	73.6037
773	73.4792
338	73.0716
115	72.9424
348	72.899
240	72.8706
178	72.7306
516	72.3017
1231	72.1944
43	71.3221
216	70.3351
785	70.0873
513	69.9346
774	69.2378
614	69.2285
64	68.8069
784	68.6132
820	68.343
236	68.0886
70	67.78
228	67.1461
394	66.9617
731	66.8061
37	66.7578
707	66.6642
136	66.6447
362	66.5403
497	66.4127
484	66.358
1111	66.2674
800	66.2638
1259	66.0923
708	66.0335
569	65.8493
103	65.5598
973	65.4299
261	65.2113
358	65.0971
97	64.91
53	64.77
108	64.4845
0	64.4337
819	64.1284
287	63.9626
448	63.7711
866	63.649
346	63.612
164	63.5132
551	63.185
502	63.1574
99	63.0044
282	62.8281
56	62.8168
501	62.4707
118	62.3971
684	62.3579
1234	61.6421
160	61.4185
423	61.2538
586	61.2059
432	60.608
1006	60.5512
124	60.3638
90	60.3396
1038	60.1899
120	60.1745
431	60.001
1244	59.7672
380	59.6453
787	59.5487
378	59.5163
754	59.3775
755	59.1756
494	58.1992
692	57.8632
812	57.7703
428	57.7703
485	57.7698
1087	57.7128
325	57.607
815	57.071
797	56.9003
191	56.7858
291	56.6681
1188	56.5742
391	56.445
595	56.2976
539	56.1509
562	55.9461
1080	55.6677
625	55.6637
424	55.6101
148	55.57
673	55.5487
79	55.5106
385	55.2601
14	55.1944
611	55.1115
947	54.9317
1254	54.8363
616	54.8311
159	54.8275
992	54.6677
434	54.5712
1300	54.2809
963	54.1588
33	54.1117
341	53.9953
123	53.9456
548	53.3757
395	53.0142
840	52.9109
467	52.5767
1147	52.4605
399	52.1574
732	51.7275
152	51.7247
1040	51.3085
433	51.1816
273	51.109
580	51.0643
187	51.0473
650	50.9982
193	50.694
806	50.4841
506	50.4504
180	50.3645
533	50.2932
1056	50.0781
670	49.6141
284	49.5597
991	49.513
612	49.497
910	49.4891
1346	49.2879
122	49.2403
238	49.2334
1267	48.9327
225	48.699
1021	48.5608
269	48.4879
503	48.4527
780	48.4064
167	48.2757
438	48.1911
377	48.0789
682	48.0753
1261	48.0389
528	47.9979
114	47.9497
719	47.5254
88	47.4602
714	47.307
709	47.2438
555	47.2438
268	47.2264
835	47.2245
473	47.0555
311	46.9827
352	46.9219
1142	46.7701
451	46.7674
125	46.7293
585	46.3887
419	46.3789
57	46.3679
1230	46.3617
1052	46.172
739	45.9692
260	45.958
725	45.8313
577	45.8152
1177	45.733
733	45.5149
687	45.5133
295	45.4519
445	45.4296
985	45.3804
1324	44.9415
184	44.8986
849	44.8671
736	44.8407
322	44.5469
12	44.5378
303	44.27
310	44.2493
1036	44.0792
668	43.8894
665	43.8515
508	43.6007
31	43.4963
1162	43.4068
87	43.3935
74	43.3162
788	43.1887
752	42.9805
95	42.8386
876	42.8124
764	42.7724
304	42.7367
245	42.5488
826	42.5071
1039	42.4823
210	42.45
851	42.4375
799	42.264
476	42.2413
430	42.1616
659	42.0674
259	41.9305
905	41.8631
1232	41.7998
1078	41.7213
213	41.6284
375	41.5838
878	41.5408
961	41.4593
65	41.4026
15	41.3829
717	41.1985
221	41.1152
425	41.0922
607	41.0748
1245	40.9278
833	40.9115
1125	40.8735
81	40.7119
328	40.6447
1063	40.5573
950	40.0408
1100	39.9633
641	39.8821
1026	39.7131
110	39.5937
1297	39.5023
512	39.4948
406	39.458
791	39.4208
604	39.2104
624	39.047
249	38.8631
274	38.676
772	38.47
928	38.3465
214	38.3147
437	38.3051
606	38.2757
262	38.2469
45	38.093
547	38.0564
80	38.011
247	37.7759
875	37.5286
1313	37.4392
848	37.313
246	37.2823
590	37.276
874	37.2007
534	37.0982
333	36.9872
1333	36.9216
267	36.9178
750	36.7308
940	36.6479
541	36.4375
313	36.373
897	36.3517
892	36.3294
649	36.3015
630	36.2968
360	36.2254
361	36.2135
327	36.0733
524	36.0394
1124	35.9458
908	35.8903
1028	35.8415
270	35.8186
355	35.8036
396	35.7934
1132	35.779
557	35.7732
49	35.5939
179	35.5853
465	35.5127
128	35.4995
241	35.4946
517	35.4574
803	35.4129
354	35.412
720	35.3481
138	35.3188
1279	35.2578
459	35.2009
106	35.1775
487	35.0365
654	34.9637
655	34.9297
978	34.9192
275	34.8593
201	34.823
1361	34.6285
518	34.5989
588	34.5546
370	34.4713
1175	34.3515
837	34.2238
667	34.2182
1268	34.0912
901	34.0535
543	33.7274
496	33.6379
255	33.6278
1020	33.4414
1236	33.4059
316	33.3295
737	33.3166
9	33.0757
363	32.8526
869	32.8372
1241	32.8153
1072	32.8074
710	32.5795
92	32.5483
1322	32.5258
23	32.4476
836	32.4252
913	32.4066
151	32.3691
738	32.3292
280	32.1347
525	31.9512
805	31.8742
146	31.8739
703	31.7935
393	31.6905
461	31.5587
862	31.4492
381	31.363
891	31.3145
1136	31.247
78	31.2057
716	30.939
227	30.8779
808	30.7173
843	30.3269
919	30.3132
982	30.3049
1248	30.2333
1263	30.1688
944	30.1449
32	30.0337
308	29.8951
440	29.7734
24	29.7725
877	29.7088
1033	29.6546
749	29.5365
1199	29.4642
922	29.3989
751	29.3668
301	29.3336
511	29.2437
202	29.1557
676	29.0903
220	29.0177
481	28.9641
336	28.8871
1249	28.8739
1172	28.8518
1044	28.7845
271	28.7181
1055	28.5579
296	28.4437
980	28.433
718	28.4008
1071	28.2902
309	28.2683
628	28.2548
777	28.248
618	28.2008
701	28.1994
5	28.1551
933	28.0814
443	27.861
444	27.5095
1034	27.4207
863	27.2902
757	27.2212
211	27.2016
921	27.1408
1240	26.9347
696	26.9086
1301	26.802
685	26.7536
82	26.732
1229	26.6856
768	26.6512
188	26.5947
1061	26.1749
549	26.1356
168	26.0875
356	26.0095
938	25.9769
1050	25.9711
740	25.9337
789	25.9011
632	25.7208
415	25.6828
977	25.6179
371	25.5398
885	25.5283
324	25.4928
515	25.3972
101	25.3956
288	25.3657
86	25.3361
317	25.2834
58	25.2077
177	25.1947
680	25.0891
400	25.0441
398	24.9478
756	24.6886
1303	24.5915
734	24.5016
574	24.4469
40	24.4407
781	24.4162
206	24.3587
256	24.3322
452	24.2936
387	24.0516
38	23.9992
638	23.7948
1310	23.7851
834	23.7236
747	23.6643
898	23.6573
786	23.6287
705	23.5043
817	23.4357
1051	23.4326
1122	23.3792
691	23.3513
219	23.2622
1286	23.0341
71	23.0273
357	22.7766
924	22.7605
183	22.6554
1222	22.6389
1024	22.6115
173	22.53
104	22.3607
999	22.3399
807	22.3279
1155	22.2807
19	22.0688
405	21.9517
1185	21.8752
527	21.8279
1008	21.8145
163	21.728
969	21.6988
941	21.6565
917	21.5337
44	21.446
636	21.3722
762	21.3515
845	21.3507
1015	21.3251
1275	21.3245
237	21.3174
495	21.1977
1010	21.1228
332	21.0169
1068	20.985
674	20.9725
651	20.9002
598	20.8261
986	20.764
254	20.4916
793	20.4831
979	20.3437
1320	20.3313
388	20.258
4	19.847
1004	19.8296
895	19.816
439	19.7621
1030	19.704
239	19.5386
337	19.4575
596	19.4378
8	19.0927
1114	19.0631
407	19.004
162	18.9928
664	18.9664
96	18.8789
813	18.8
300	18.765
1025	18.6156
343	18.571
251	18.4791
1070	18.4558
457	18.4197
479	18.3512
1210	18.3085
683	18.2958
526	18.2217
1327	18.1612
767	18.141
1216	18.0888
1160	17.6898
1049	17.669
1053	17.6426
277	17.6302
686	17.6122
995	17.5518
126	17.5306
1102	17.4959
661	17.3812
1258	17.2663
1332	17.255
145	17.2016
1041	17.1682
861	17.0675
172	17.0397
1204	16.7858
1101	16.7736
1206	16.7555
723	16.5146
1370	16.4361
334	16.331
581	16.3284
859	16.3226
404	16.2563
143	16.2288
779	16.0814
1247	16.0209
519	15.978
801	15.9279
766	15.8728
458	15.8631
556	15.8335
856	15.7917
63	15.7498
926	15.7368
290	15.7271
1085	15.6074
89	15.569
460	15.5654
1202	15.4605
412	15.4034
233	15.3666
560	15.2621
881	15.1258
514	15.082
1081	14.929
1326	14.8812
1205	14.7702
902	14.7256
937	14.6797
372	14.6618
540	14.5757
1065	14.5525
698	14.4042
132	14.3828
693	14.3744
1019	14.2898
330	14.2845
681	14.2694
796	14.1814
923	13.9655
759	13.9249
824	13.8815
994	13.8165
1371	13.771
748	13.7701
209	13.7247
873	13.6456
728	13.6427
1148	13.5608
1134	13.5442
575	13.3033
276	13.1814
480	13.1136
109	13.0891
253	13.0599
131	12.7587
418	12.7391
436	12.6776
1225	12.6452
582	12.5405
956	12.4286
669	12.4265
226	12.3967
1037	12.3282
1257	12.2995
1031	12.297
73	12.2814
552	12.27
258	12.2571
10	12.1754
85	12.1631
414	12.1124
111	12.0102
832	11.9956
1304	11.9711
952	11.9416
1221	11.9262
1016	11.8164
374	11.7538
1298	11.7462
1340	11.6716
1176	11.6448
946	11.6404
1045	11.5935
858	11.5559
1287	11.5477
182	11.5422
421	11.4922
1088	11.4425
1123	11.3763
505	11.3684
553	11.2832
761	11.2171
983	11.1791
1099	11.1479
867	11.1304
402	11.0725
990	11.0066
403	10.9585
1195	10.9538
1097	10.9269
722	10.8402
1285	10.7898
603	10.7684
1075	10.7171
656	10.713
573	10.6626
318	10.6596
981	10.6232
410	10.5923
760	10.4551
69	10.3786
918	10.307
634	10.3035
1042	10.2059
559	10.1948
490	10.1232
42	10.1216
320	10.071
520	10.0652
1018	10.0543
1367	9.89825
474	9.89479
1182	9.88384
376	9.88175
1120	9.86622
1000	9.84058
305	9.61354
545	9.50501
935	9.44933
962	9.39208
1090	9.34888
790	9.28249
593	9.18299
1048	9.13465
765	9.13326
597	8.99279
602	8.92117
222	8.84985
48	8.82414
860	8.78171
1262	8.72634
1270	8.69674
1067	8.63195
550	8.61123
289	8.57405
482	8.53624
1002	8.50067
141	8.302
1187	8.19937
571	8.08958
955	8.07605
292	8.03169
857	7.99249
769	7.90983
1127	7.85801
1274	7.80263
1043	7.77969
1331	7.76978
77	7.76909
314	7.64627
1121	7.6198
1368	7.57213
1082	7.54404
281	7.4429
931	7.38901
1076	7.38771
140	7.302
1212	7.29193
621	7.26628
1109	7.20266
642	7.19943
1126	7.18607
1180	7.18389
107	7.15829
1266	7.13944
1135	7.06718
469	7.0462
366	7.02504
911	7.02245
960	6.97129
1017	6.84587
1338	6.75817
257	6.74351
1354	6.72961
700	6.59908
888	6.56536
1066	6.54385
158	6.43721
35	6.25452
224	6.23658
283	6.20033
1027	6.19833
1179	6.18389
390	6.1772
883	6.08512
93	6.07969
627	6.05415
499	6.03076
194	5.99939
572	5.99669
741	5.96061
1193	5.94214
1235	5.91903
899	5.83374
331	5.78136
631	5.74953
822	5.72907
1251	5.70848
984	5.69332
1223	5.64914
1168	5.63344
364	5.53871
844	5.47456
1352	5.40716
909	5.38485
1226	5.31068
266	5.28669
932	5.28073
743	5.27835
987	5.2674
498	5.24969
657	5.18412
579	5.17209
1144	5.13328
1196	5.07962
119	5.06471
1203	5.06086
409	5.05106
966	5.03929
1139	5.00253
646	4.98047
1022	4.97883
1207	4.87926
887	4.83016
489	4.78725
1328	4.73427
1170	4.69625
319	4.67033
67	4.66438
794	4.63417
678	4.63067
450	4.61954
1167	4.60672
307	4.5704
1023	4.54376
1316	4.53603
1184	4.53445
165	4.49217
1190	4.44449
1201	4.43799
1335	4.43037
1104	4.41522
181	4.38904
373	4.29115
1189	4.18275
234	4.18134
608	4.1584
675	4.15135
1357	4.12827
643	4.12234
839	4.1155
945	4.09328
30	4.01891
1334	3.94898
50	3.9077
1131	3.90228
231	3.83947
1339	3.79876
1319	3.795
546	3.79095
1347	3.759
453	3.7515
853	3.74426
230	3.74048
488	3.63307
927	3.61835
1145	3.58726
671	3.57828
1112	3.57216
1250	3.57038
462	3.54043
1343	3.51401
1227	3.50495
953	3.49394
1107	3.44299
286	3.36776
879	3.32522
968	3.28261
1183	3.27276
713	3.26442
1278	3.23047
446	3.18314
648	3.18156
1237	3.17202
347	3.11844
323	3.04241
1321	3.00037
852	2.98976
639	2.85535
689	2.82613
1242	2.8232
814	2.81846
76	2.81053
644	2.7912
1200	2.77697
1290	2.77361
677	2.77104
344	2.76531
166	2.76381
470	2.76046
934	2.75935
939	2.70628
1003	2.69047
592	2.66201
1325	2.61886
1163	2.60876
121	2.58902
544	2.55549
542	2.50681
943	2.48851
900	2.48076
957	2.45151
263	2.44754
1260	2.44696
1007	2.42024
1161	2.41395
880	2.3826
724	2.36663
855	2.36189
942	2.35286
34	2.34318
1256	2.33617
730	2.33293
871	2.32131
1291	2.27997
1110	2.22916
594	2.20174
416	2.19222
1103	2.1744
792	2.13288
959	2.10273
1198	2.07655
1341	2.07015
989	2
811	2
1092	2
1345	1.99999
1294	1.99426
699	1.99064
1013	1.98508
212	1.9799
1079	1.97446
912	1.9665
795	1.96433
776	1.95812
1369	1.94671
1098	1.92145
974	1.9038
1166	1.89742
1062	1.89647
1309	1.89027
1178	1.87481
509	1.86928
1047	1.85656
6	1.84849
1288	1.84171
1330	1.83713
1035	1.82853
1118	1.80704
68	1.80157
842	1.8004
1154	1.79917
1308	1.79498
1302	1.79215
735	1.7912
447	1.77291
492	1.7719
522	1.76389
493	1.76079
408	1.75935
1280	1.75584
1146	1.72889
1165	1.72415
1093	1.66599
1217	1.65183
1317	1.64654
948	1.63616
1116	1.63074
726	1.6098
340	1.59346
326	1.58866
916	1.58633
729	1.58427
1253	1.57341
1355	1.56286
1169	1.56248
882	1.56215
1318	1.55211
929	1.54762
1150	1.53666
1012	1.53358
566	1.4955
1014	1.48903
1011	1.48781
1273	1.48545
951	1.48157
1089	1.4741
906	1.46453
1272	1.45993
1213	1.45447
538	1.4402
1149	1.43951
1059	1.43059
1353	1.42269
463	1.42092
1073	1.41064
1181	1.39828
958	1.39082
1159	1.38219
1156	1.37834
1057	1.37269
841	1.37261
1054	1.37024
662	1.36806
1060	1.35452
454	1.34391
1243	1.33364
1129	1.33229
1152	1.33228
429	1.32888
996	1.32525
1255	1.31844
1323	1.31467
1130	1.31129
1164	1.3094
1311	1.30539
350	1.30493
600	1.30334
1001	1.2708
1282	1.27049
1138	1.26318
1208	1.26235
1140	1.25454
1074	1.21945
521	1.21506
746	1.21482
175	1.20583
1128	1.20454
1197	1.20125
1315	1.18817
1336	1.18334
349	1.16811
1157	1.1649
783	1.15544
653	1.14559
770	1.13646
864	1.13426
1158	1.11682
1105	1.1154
401	1.11203
854	1.10912
1269	1.10862
1277	1.10369
1299	1.1031
782	1.10097
1192	1.09285
997	1.09001
804	1.08607
993	1.07933
1289	1.07933
831	1.07897
903	1.07822
537	1.07614
1281	1.07046
1296	1.06948
1337	1.06776
1153	1.05829
1083	1.05609
1220	1.05344
1095	1.05315
884	1.05018
1174	1.04984
1360	1.04845
702	1.04468
623	1.04076
721	1.03953
1362	1.0372
1077	1.03347
1283	1.03183
1312	1.02787
1117	1.0272
658	1
1264	1
1265	1
847	1
561	1
975	1
563	1
1064	1
1271	1
850	1
954	1
570	1
1194	1
1276	1
1209	1
1211	1
838	1
949	1
972	1
1186	1
971	1
1284	1
1218	1
976	1
778	1
868	1
91	1
435	1
870	1
1292	1
1293	1
192	1
1295	1
645	1
872	1
830	1
94	1
55	1
54	1
1173	1
427	1
203	1
1305	1
1306	1
1307	1
466	1
802	1
688	1
1084	1
965	1
771	1
1314	1
1086	1
988	1
930	1
1091	1
1246	1
829	1
1224	1
964	1
886	1
1143	1
397	1
635	1
889	1
821	1
1329	1
1137	1
706	1
711	1
11	1
1239	1
998	1
890	1
142	1
712	1
531	1
530	1
1133	1
1342	1
455	1
1344	1
486	1
715	1
529	1
1348	1
1349	1
1350	1
1351	1
810	1
235	1
1058	1
904	1
1356	1
1119	1
1358	1
1359	1
1009	1
1228	1
818	1
1363	1
1364	1
1365	1
1366	1
907	1
1113	1
914	1
1106	1
1238	1
